5 6
1 0
0 1
1 2
2 3
2 4
4 1
5 4
1 0
0 1
2 3
2 4
5 4
0 1
2 3
1 2
3 4
48 9
38 47
39 47
11 17
39 17
28 17
25 34
34 39
33 14
12 20
58 18
35 27
53 56
47 5
5 17
45 14
38 30
30 17
9 17
30 45
15 48
41 48
16 41
24 3
49 33
0 7
10 43
52 11
6 32
30 5
29 18
24 29
9 4
12 4
22 14
62 14
9 19
35 19
61 56
15 20
40 53
27 17
52 41
50 18
45 46
31 26
60 54
28 30
8 55
38 43
78 7
64 1
2 13
2 64
3 39
39 13
16 34
16 39
32 9
3 2
2 11
15 7
15 10
15 11
1 20
20 13
23 24
18 16
24 12
0 2
23 0
0 1
10 1
2 22
4 5
11 4
5 13
5 21
16 7
7 22
23 21
88 30
72 75
30 21
75 46
5 75
39 21
46 87
87 21
38 35
58 28
58 38
9 37
61 84
84 9
9 0
9 22
71 77
86 29
69 68
27 48
16 79
57 56
31 11
80 54
32 43
36 34
76 65
74 42
20 52
25 2
33 47
20 11
9 0
1 7
2 11
15 2
16 2
6 8
6 10
7 11
14 8
16 14
18 14
72 51
7 69
0 7
7 61
7 20
31 7
11 2
20 11
23 33
14 0
40 14
42 8
40 8
19 8
47 37
33 37
42 47
61 46
47 62
63 62
61 25
47 9
54 68
54 36
36 57
10 32
26 32
52 32
32 1
53 10
71 3
3 4
3 1
51 52
30 71
50 5
4 17
1 5
34 60
66 60
59 67
13 22
48 15
65 58
56 12
49 28
27 55
38 29
24 6
16 39
70 43
44 45
